<?xml version="1.0"?>
<opencv_storage>
<CornersAmount>48</CornersAmount>
<Corner_0>
  242 356</Corner_0>
<Corner_1>
  258 356</Corner_1>
<Corner_2>
  272 356</Corner_2>
<Corner_3>
  287 357</Corner_3>
<Corner_4>
  302 358</Corner_4>
<Corner_5>
  317 358</Corner_5>
<Corner_6>
  333 358</Corner_6>
<Corner_7>
  348 358</Corner_7>
<Corner_8>
  241 364</Corner_8>
<Corner_9>
  256 363</Corner_9>
<Corner_10>
  271 364</Corner_10>
<Corner_11>
  286 364</Corner_11>
<Corner_12>
  302 365</Corner_12>
<Corner_13>
  318 365</Corner_13>
<Corner_14>
  333 365</Corner_14>
<Corner_15>
  348 366</Corner_15>
<Corner_16>
  238 372</Corner_16>
<Corner_17>
  253 372</Corner_17>
<Corner_18>
  270 373</Corner_18>
<Corner_19>
  286 373</Corner_19>
<Corner_20>
  302 374</Corner_20>
<Corner_21>
  318 374</Corner_21>
<Corner_22>
  334 373</Corner_22>
<Corner_23>
  349 374</Corner_23>
<Corner_24>
  236 381</Corner_24>
<Corner_25>
  252 380</Corner_25>
<Corner_26>
  268 381</Corner_26>
<Corner_27>
  284 382</Corner_27>
<Corner_28>
  302 383</Corner_28>
<Corner_29>
  318 382</Corner_29>
<Corner_30>
  334 382</Corner_30>
<Corner_31>
  350 383</Corner_31>
<Corner_32>
  234 390</Corner_32>
<Corner_33>
  250 390</Corner_33>
<Corner_34>
  268 391</Corner_34>
<Corner_35>
  284 392</Corner_35>
<Corner_36>
  300 392</Corner_36>
<Corner_37>
  318 392</Corner_37>
<Corner_38>
  335 392</Corner_38>
<Corner_39>
  350 392</Corner_39>
<Corner_40>
  232 400</Corner_40>
<Corner_41>
  248 401</Corner_41>
<Corner_42>
  265 401</Corner_42>
<Corner_43>
  282 401</Corner_43>
<Corner_44>
  299 401</Corner_44>
<Corner_45>
  317 402</Corner_45>
<Corner_46>
  335 402</Corner_46>
<Corner_47>
  352 403</Corner_47>
</opencv_storage>
