<?xml version="1.0"?>
<opencv_storage>
<CornersAmount>48</CornersAmount>
<Corner_0>
  408 447</Corner_0>
<Corner_1>
  392 448</Corner_1>
<Corner_2>
  375 448</Corner_2>
<Corner_3>
  358 447</Corner_3>
<Corner_4>
  340 447</Corner_4>
<Corner_5>
  324 447</Corner_5>
<Corner_6>
  306 447</Corner_6>
<Corner_7>
  289 446</Corner_7>
<Corner_8>
  408 439</Corner_8>
<Corner_9>
  392 438</Corner_9>
<Corner_10>
  375 440</Corner_10>
<Corner_11>
  358 439</Corner_11>
<Corner_12>
  341 440</Corner_12>
<Corner_13>
  324 440</Corner_13>
<Corner_14>
  308 440</Corner_14>
<Corner_15>
  291 440</Corner_15>
<Corner_16>
  406 433</Corner_16>
<Corner_17>
  388 433</Corner_17>
<Corner_18>
  374 433</Corner_18>
<Corner_19>
  357 433</Corner_19>
<Corner_20>
  341 433</Corner_20>
<Corner_21>
  326 433</Corner_21>
<Corner_22>
  309 433</Corner_22>
<Corner_23>
  292 433</Corner_23>
<Corner_24>
  404 426</Corner_24>
<Corner_25>
  388 426</Corner_25>
<Corner_26>
  372 426</Corner_26>
<Corner_27>
  357 428</Corner_27>
<Corner_28>
  342 428</Corner_28>
<Corner_29>
  325 428</Corner_29>
<Corner_30>
  311 428</Corner_30>
<Corner_31>
  295 428</Corner_31>
<Corner_32>
  402 421</Corner_32>
<Corner_33>
  387 421</Corner_33>
<Corner_34>
  371 421</Corner_34>
<Corner_35>
  357 421</Corner_35>
<Corner_36>
  341 421</Corner_36>
<Corner_37>
  327 421</Corner_37>
<Corner_38>
  311 421</Corner_38>
<Corner_39>
  295 421</Corner_39>
<Corner_40>
  400 416</Corner_40>
<Corner_41>
  386 416</Corner_41>
<Corner_42>
  372 416</Corner_42>
<Corner_43>
  357 416</Corner_43>
<Corner_44>
  342 416</Corner_44>
<Corner_45>
  327 416</Corner_45>
<Corner_46>
  312 416</Corner_46>
<Corner_47>
  297 416</Corner_47>
</opencv_storage>
