<?xml version="1.0"?>
<opencv_storage>
<cameraMatrix type_id="opencv-matrix">
  <rows>3</rows>
  <cols>3</cols>
  <dt>d</dt>
  <data>
    4.8910522298159270e+02 0. 3.2838357717211682e+02 0.
    4.9134979049999629e+02 2.2641926578030797e+02 0. 0. 1.</data></cameraMatrix>
<distCoeffs type_id="opencv-matrix">
  <rows>5</rows>
  <cols>1</cols>
  <dt>d</dt>
  <data>
    -3.6359412406622021e-01 1.8605080267380877e-01 0. 0.
    -5.8541305613803843e-02</data></distCoeffs>
</opencv_storage>
