<?xml version="1.0"?>
<opencv_storage>
<cameraMatrix type_id="opencv-matrix">
  <rows>3</rows>
  <cols>3</cols>
  <dt>d</dt>
  <data>
    4.8855382425371897e+02 0. 3.2858505892212469e+02 0.
    4.9095990925239244e+02 2.2684642596343321e+02 0. 0. 1.</data></cameraMatrix>
<distCoeffs type_id="opencv-matrix">
  <rows>5</rows>
  <cols>1</cols>
  <dt>d</dt>
  <data>
    -3.5938861383897652e-01 1.7471851315277531e-01 0. 0.
    -4.8694466127173174e-02</data></distCoeffs>
</opencv_storage>
