<?xml version="1.0"?>
<opencv_storage>
<CornersAmount>48</CornersAmount>
<Corner_0>
  345 343</Corner_0>
<Corner_1>
  337 346</Corner_1>
<Corner_2>
  328 349</Corner_2>
<Corner_3>
  319 353</Corner_3>
<Corner_4>
  307 355</Corner_4>
<Corner_5>
  299 360</Corner_5>
<Corner_6>
  290 363</Corner_6>
<Corner_7>
  279 367</Corner_7>
<Corner_8>
  335 340</Corner_8>
<Corner_9>
  326 343</Corner_9>
<Corner_10>
  318 346</Corner_10>
<Corner_11>
  310 350</Corner_11>
<Corner_12>
  298 353</Corner_12>
<Corner_13>
  289 356</Corner_13>
<Corner_14>
  279 358</Corner_14>
<Corner_15>
  267 364</Corner_15>
<Corner_16>
  325 338</Corner_16>
<Corner_17>
  317 340</Corner_17>
<Corner_18>
  307 343</Corner_18>
<Corner_19>
  297 346</Corner_19>
<Corner_20>
  288 349</Corner_20>
<Corner_21>
  280 353</Corner_21>
<Corner_22>
  270 356</Corner_22>
<Corner_23>
  258 359</Corner_23>
<Corner_24>
  315 335</Corner_24>
<Corner_25>
  307 338</Corner_25>
<Corner_26>
  299 340</Corner_26>
<Corner_27>
  290 343</Corner_27>
<Corner_28>
  279 346</Corner_28>
<Corner_29>
  271 350</Corner_29>
<Corner_30>
  260 352</Corner_30>
<Corner_31>
  249 357</Corner_31>
<Corner_32>
  307 333</Corner_32>
<Corner_33>
  298 335</Corner_33>
<Corner_34>
  290 338</Corner_34>
<Corner_35>
  280 340</Corner_35>
<Corner_36>
  271 344</Corner_36>
<Corner_37>
  259 346</Corner_37>
<Corner_38>
  251 350</Corner_38>
<Corner_39>
  241 353</Corner_39>
<Corner_40>
  297 330</Corner_40>
<Corner_41>
  290 333</Corner_41>
<Corner_42>
  280 334</Corner_42>
<Corner_43>
  272 338</Corner_43>
<Corner_44>
  263 340</Corner_44>
<Corner_45>
  253 343</Corner_45>
<Corner_46>
  243 346</Corner_46>
<Corner_47>
  233 350</Corner_47>
</opencv_storage>
