<?xml version="1.0"?>
<opencv_storage>
<cameraMatrix type_id="opencv-matrix">
  <rows>3</rows>
  <cols>3</cols>
  <dt>d</dt>
  <data>
    4.8689615939783909e+02 0. 3.4229082115337098e+02 0.
    4.8954129462840342e+02 2.4194085968673858e+02 0. 0. 1.</data></cameraMatrix>
<distCoeffs type_id="opencv-matrix">
  <rows>5</rows>
  <cols>1</cols>
  <dt>d</dt>
  <data>
    -3.7133184629848281e-01 2.0835716788802522e-01 0. 0.
    -7.2576446889173835e-02</data></distCoeffs>
</opencv_storage>
