<?xml version="1.0"?>
<opencv_storage>
<cameraMatrix type_id="opencv-matrix">
  <rows>3</rows>
  <cols>3</cols>
  <dt>d</dt>
  <data>
    4.8907099379822722e+02 0. 3.4302876937437190e+02 0.
    4.9146651535338572e+02 2.4164332827098977e+02 0. 0. 1.</data></cameraMatrix>
<distCoeffs type_id="opencv-matrix">
  <rows>5</rows>
  <cols>1</cols>
  <dt>d</dt>
  <data>
    -3.7555995570640355e-01 2.1791105066179131e-01 0. 0.
    -7.8402407523324072e-02</data></distCoeffs>
</opencv_storage>
