<?xml version="1.0"?>
<opencv_storage>
<CornersAmount>48</CornersAmount>
<Corner_0>
  272 399</Corner_0>
<Corner_1>
  276 405</Corner_1>
<Corner_2>
  280 412</Corner_2>
<Corner_3>
  282 418</Corner_3>
<Corner_4>
  284 423</Corner_4>
<Corner_5>
  288 433</Corner_5>
<Corner_6>
  291 441</Corner_6>
<Corner_7>
  295 450</Corner_7>
<Corner_8>
  259 401</Corner_8>
<Corner_9>
  260 407</Corner_9>
<Corner_10>
  263 413</Corner_10>
<Corner_11>
  265 421</Corner_11>
<Corner_12>
  267 426</Corner_12>
<Corner_13>
  269 434</Corner_13>
<Corner_14>
  272 444</Corner_14>
<Corner_15>
  275 453</Corner_15>
<Corner_16>
  242 401</Corner_16>
<Corner_17>
  243 409</Corner_17>
<Corner_18>
  244 414</Corner_18>
<Corner_19>
  247 421</Corner_19>
<Corner_20>
  247 429</Corner_20>
<Corner_21>
  251 436</Corner_21>
<Corner_22>
  251 446</Corner_22>
<Corner_23>
  253 454</Corner_23>
<Corner_24>
  226 402</Corner_24>
<Corner_25>
  226 409</Corner_25>
<Corner_26>
  228 415</Corner_26>
<Corner_27>
  228 423</Corner_27>
<Corner_28>
  231 429</Corner_28>
<Corner_29>
  231 438</Corner_29>
<Corner_30>
  232 446</Corner_30>
<Corner_31>
  233 455</Corner_31>
<Corner_32>
  209 404</Corner_32>
<Corner_33>
  212 410</Corner_33>
<Corner_34>
  209 417</Corner_34>
<Corner_35>
  210 423</Corner_35>
<Corner_36>
  211 430</Corner_36>
<Corner_37>
  212 439</Corner_37>
<Corner_38>
  212 447</Corner_38>
<Corner_39>
  213 456</Corner_39>
<Corner_40>
  194 403</Corner_40>
<Corner_41>
  194 412</Corner_41>
<Corner_42>
  194 417</Corner_42>
<Corner_43>
  193 425</Corner_43>
<Corner_44>
  193 432</Corner_44>
<Corner_45>
  193 440</Corner_45>
<Corner_46>
  193 449</Corner_46>
<Corner_47>
  193 458</Corner_47>
</opencv_storage>
