<?xml version="1.0"?>
<opencv_storage>
<cameraMatrix type_id="opencv-matrix">
  <rows>3</rows>
  <cols>3</cols>
  <dt>d</dt>
  <data>
    4.8744867399807606e+02 0. 3.2150543393422601e+02 0.
    4.8587973659001938e+02 2.3640765989113353e+02 0. 0. 1.</data></cameraMatrix>
<distCoeffs type_id="opencv-matrix">
  <rows>5</rows>
  <cols>1</cols>
  <dt>d</dt>
  <data>
    -3.6887564677593088e-01 1.9259081333656905e-01 0. 0.
    -5.6631552064591799e-02</data></distCoeffs>
</opencv_storage>
