<?xml version="1.0"?>
<opencv_storage>
<cameraMatrix type_id="opencv-matrix">
  <rows>3</rows>
  <cols>3</cols>
  <dt>d</dt>
  <data>
    4.8587465574847846e+02 0. 3.1978791755182590e+02 0.
    4.8460612005216819e+02 2.3712518793072272e+02 0. 0. 1.</data></cameraMatrix>
<distCoeffs type_id="opencv-matrix">
  <rows>5</rows>
  <cols>1</cols>
  <dt>d</dt>
  <data>
    -3.7540453027054055e-01 2.1103950033080629e-01 0. 0.
    -7.1988132859375109e-02</data></distCoeffs>
</opencv_storage>
