<?xml version="1.0"?>
<opencv_storage>
<CornersAmount>48</CornersAmount>
<Corner_0>
  253 363</Corner_0>
<Corner_1>
  261 357</Corner_1>
<Corner_2>
  271 351</Corner_2>
<Corner_3>
  279 345</Corner_3>
<Corner_4>
  288 340</Corner_4>
<Corner_5>
  298 334</Corner_5>
<Corner_6>
  306 330</Corner_6>
<Corner_7>
  313 325</Corner_7>
<Corner_8>
  262 366</Corner_8>
<Corner_9>
  273 361</Corner_9>
<Corner_10>
  281 355</Corner_10>
<Corner_11>
  290 350</Corner_11>
<Corner_12>
  298 343</Corner_12>
<Corner_13>
  307 338</Corner_13>
<Corner_14>
  316 333</Corner_14>
<Corner_15>
  324 328</Corner_15>
<Corner_16>
  273 373</Corner_16>
<Corner_17>
  284 365</Corner_17>
<Corner_18>
  293 358</Corner_18>
<Corner_19>
  302 354</Corner_19>
<Corner_20>
  310 348</Corner_20>
<Corner_21>
  318 342</Corner_21>
<Corner_22>
  326 337</Corner_22>
<Corner_23>
  334 332</Corner_23>
<Corner_24>
  285 377</Corner_24>
<Corner_25>
  295 370</Corner_25>
<Corner_26>
  305 364</Corner_26>
<Corner_27>
  313 358</Corner_27>
<Corner_28>
  321 351</Corner_28>
<Corner_29>
  329 346</Corner_29>
<Corner_30>
  337 340</Corner_30>
<Corner_31>
  345 335</Corner_31>
<Corner_32>
  297 382</Corner_32>
<Corner_33>
  307 375</Corner_33>
<Corner_34>
  316 368</Corner_34>
<Corner_35>
  325 362</Corner_35>
<Corner_36>
  333 356</Corner_36>
<Corner_37>
  342 350</Corner_37>
<Corner_38>
  349 346</Corner_38>
<Corner_39>
  356 339</Corner_39>
<Corner_40>
  309 387</Corner_40>
<Corner_41>
  319 380</Corner_41>
<Corner_42>
  329 373</Corner_42>
<Corner_43>
  338 366</Corner_43>
<Corner_44>
  346 360</Corner_44>
<Corner_45>
  354 354</Corner_45>
<Corner_46>
  362 349</Corner_46>
<Corner_47>
  368 342</Corner_47>
</opencv_storage>
