<?xml version="1.0"?>
<opencv_storage>
<CornersAmount>48</CornersAmount>
<Corner_0>
  316 306</Corner_0>
<Corner_1>
  325 310</Corner_1>
<Corner_2>
  333 314</Corner_2>
<Corner_3>
  342 320</Corner_3>
<Corner_4>
  352 324</Corner_4>
<Corner_5>
  362 330</Corner_5>
<Corner_6>
  372 335</Corner_6>
<Corner_7>
  383 340</Corner_7>
<Corner_8>
  305 309</Corner_8>
<Corner_9>
  313 314</Corner_9>
<Corner_10>
  322 318</Corner_10>
<Corner_11>
  332 323</Corner_11>
<Corner_12>
  342 330</Corner_12>
<Corner_13>
  351 334</Corner_13>
<Corner_14>
  362 340</Corner_14>
<Corner_15>
  373 346</Corner_15>
<Corner_16>
  294 314</Corner_16>
<Corner_17>
  302 318</Corner_17>
<Corner_18>
  311 322</Corner_18>
<Corner_19>
  320 328</Corner_19>
<Corner_20>
  330 335</Corner_20>
<Corner_21>
  342 341</Corner_21>
<Corner_22>
  351 346</Corner_22>
<Corner_23>
  363 352</Corner_23>
<Corner_24>
  283 320</Corner_24>
<Corner_25>
  292 324</Corner_25>
<Corner_26>
  300 327</Corner_26>
<Corner_27>
  310 335</Corner_27>
<Corner_28>
  319 341</Corner_28>
<Corner_29>
  330 345</Corner_29>
<Corner_30>
  339 353</Corner_30>
<Corner_31>
  352 358</Corner_31>
<Corner_32>
  271 322</Corner_32>
<Corner_33>
  281 328</Corner_33>
<Corner_34>
  290 334</Corner_34>
<Corner_35>
  299 340</Corner_35>
<Corner_36>
  308 345</Corner_36>
<Corner_37>
  319 353</Corner_37>
<Corner_38>
  329 358</Corner_38>
<Corner_39>
  340 366</Corner_39>
<Corner_40>
  261 327</Corner_40>
<Corner_41>
  269 332</Corner_41>
<Corner_42>
  278 338</Corner_42>
<Corner_43>
  286 345</Corner_43>
<Corner_44>
  296 351</Corner_44>
<Corner_45>
  307 358</Corner_45>
<Corner_46>
  316 364</Corner_46>
<Corner_47>
  326 372</Corner_47>
</opencv_storage>
