<?xml version="1.0"?>
<opencv_storage>
<calibration_time>"Thu Feb 17 23:05:39 2022"</calibration_time>
<nr_of_frames>1</nr_of_frames>
<image_width>1280</image_width>
<image_height>720</image_height>
<board_width>9</board_width>
<board_height>6</board_height>
<square_size>2.2500000894069672e-02</square_size>
<fix_aspect_ratio>1.</fix_aspect_ratio>
<!-- flags: +fix_aspectRatio +fix_principal_point +zero_tangent_dist +fix_k4 +fix_k5 -->
<flags>6158</flags>
<fisheye_model>0</fisheye_model>
<camera_matrix type_id="opencv-matrix">
  <rows>3</rows>
  <cols>3</cols>
  <dt>d</dt>
  <data>
    1.3206483718775605e+03 0. 6.3950000000000000e+02 0.
    1.3206483718775605e+03 3.5950000000000000e+02 0. 0. 1.</data></camera_matrix>
<distortion_coefficients type_id="opencv-matrix">
  <rows>5</rows>
  <cols>1</cols>
  <dt>d</dt>
  <data>
    -1.1122773234578222e-01 4.6061416795905606e-02 0. 0.
    1.0395791463860493e+00</data></distortion_coefficients>
<avg_reprojection_error>5.7158964616944519e-01</avg_reprojection_error>
<per_view_reprojection_errors type_id="opencv-matrix">
  <rows>1</rows>
  <cols>1</cols>
  <dt>f</dt>
  <data>
    5.71589649e-01</data></per_view_reprojection_errors>
<!-- a set of 6-tuples (rotation vector + translation vector) for each view -->
<extrinsic_parameters type_id="opencv-matrix">
  <rows>1</rows>
  <cols>6</cols>
  <dt>d</dt>
  <data>
    -3.3284213087504629e-02 1.4622873464546729e-01
    -6.2005006248793274e-03 -3.0748559543196546e-03
    -8.5528960082433672e-02 5.8814150436657531e-01</data></extrinsic_parameters>
<image_points type_id="opencv-matrix">
  <rows>27</rows>
  <cols>54</cols>
  <dt>"2f"</dt>
  <data>
    3.14071625e+02 1.44705902e+02 3.57017548e+02 1.40635193e+02
    3.98500824e+02 1.38114670e+02 4.43320587e+02 1.34545868e+02
    4.86366699e+02 1.32067261e+02 5.32054504e+02 1.28468704e+02
    5.75701416e+02 1.25862648e+02 6.22697388e+02 1.22607079e+02
    6.67971191e+02 1.20474670e+02 3.17014160e+02 1.88173309e+02
    3.57746094e+02 1.86315262e+02 4.01373474e+02 1.82452896e+02
    4.43778412e+02 1.80339737e+02 4.89168091e+02 1.76902084e+02
    5.32112793e+02 1.74541245e+02 5.78548462e+02 1.71296616e+02
    6.23407043e+02 1.68852844e+02 6.70639221e+02 1.66622894e+02
    3.17537384e+02 2.33752609e+02 3.60612579e+02 2.30420685e+02
    4.02428314e+02 2.28539139e+02 4.47241608e+02 2.24941315e+02
    4.89550018e+02 2.22919785e+02 5.35393555e+02 2.19892731e+02
    5.79064880e+02 2.17707565e+02 6.26650452e+02 2.15082031e+02
    6.71840210e+02 2.13339279e+02 3.20407806e+02 2.77614136e+02
    3.61077484e+02 2.75807068e+02 4.05324951e+02 2.72749054e+02
    4.47060272e+02 2.70796692e+02 4.92489624e+02 2.68337067e+02
    5.35818970e+02 2.66253632e+02 5.82494568e+02 2.63244720e+02
    6.27152100e+02 2.61618286e+02 6.75085266e+02 2.59371613e+02
    3.21239990e+02 3.23185852e+02 3.64430664e+02 3.20177338e+02
    4.05491699e+02 3.18737396e+02 4.50614624e+02 3.15995392e+02
    4.93280273e+02 3.14448151e+02 5.39879761e+02 3.11855652e+02
    5.82698547e+02 3.10272095e+02 6.30875122e+02 3.07798706e+02
    6.75375916e+02 3.05794128e+02 3.24615692e+02 3.66720398e+02
    3.65059998e+02 3.65732147e+02 4.09735413e+02 3.62934937e+02
    4.51249268e+02 3.61882019e+02 4.97228241e+02 3.59712189e+02
    5.40160583e+02 3.58218079e+02 5.86957397e+02 3.55893860e+02
    6.31262024e+02 3.54399811e+02 6.79187134e+02 3.52519073e+02
    3.78014191e+02 1.63758163e+02 4.23558594e+02 1.60137466e+02
    4.67884155e+02 1.57813202e+02 5.15415161e+02 1.54487167e+02
    5.60995544e+02 1.52249557e+02 6.08901062e+02 1.48881851e+02
    6.55159119e+02 1.46761154e+02 7.03875610e+02 1.43991821e+02
    7.50944641e+02 1.42106873e+02 3.81379547e+02 2.08968704e+02
    4.24788391e+02 2.07346542e+02 4.71254883e+02 2.03989059e+02
    5.16281799e+02 2.01957932e+02 5.64050964e+02 1.98772873e+02
    6.09659302e+02 1.96493073e+02 6.58246094e+02 1.93615311e+02
    7.05292786e+02 1.91714935e+02 7.53572693e+02 1.89659943e+02
    3.82267059e+02 2.56416870e+02 4.28196838e+02 2.53052704e+02
    4.72375183e+02 2.51437225e+02 5.19683960e+02 2.48595657e+02
    5.64703308e+02 2.46347748e+02 6.13166382e+02 2.43479630e+02
    6.59219238e+02 2.41719757e+02 7.07969177e+02 2.39431839e+02
    7.54916199e+02 2.37488708e+02 3.85897644e+02 3.01720581e+02
    4.28711121e+02 3.00188049e+02 4.75871216e+02 2.97430359e+02
    5.20256592e+02 2.95712036e+02 5.68192993e+02 2.92957733e+02
    6.13607361e+02 2.91267700e+02 6.62624512e+02 2.88675201e+02
    7.09119324e+02 2.86802521e+02 7.57966980e+02 2.84729492e+02
    3.86812347e+02 3.48759583e+02 4.32814026e+02 3.46090302e+02
    4.76619141e+02 3.44548035e+02 5.24182556e+02 3.42347839e+02
    5.69262451e+02 3.40652588e+02 6.17571533e+02 3.38223297e+02
    6.63223877e+02 3.36736450e+02 7.12616028e+02 3.34210938e+02
    7.59048950e+02 3.32377808e+02 3.90887207e+02 3.93761017e+02
    4.33673889e+02 3.92789001e+02 4.81024017e+02 3.90325562e+02
    5.25001221e+02 3.88998047e+02 5.73212036e+02 3.87019043e+02
    6.18208557e+02 3.85384735e+02 6.66869263e+02 3.83395905e+02
    7.13072998e+02 3.81700592e+02 7.62306763e+02 3.79497284e+02
    6.35902527e+02 1.43330124e+02 6.82747009e+02 1.41913116e+02
    7.28394592e+02 1.40742126e+02 7.75152588e+02 1.39388962e+02
    8.20024780e+02 1.38573761e+02 8.66202637e+02 1.37294067e+02
    9.10822632e+02 1.36348892e+02 9.55836426e+02 1.35614807e+02
    9.98873840e+02 1.35084061e+02 6.38440125e+02 1.89418579e+02
    6.83417786e+02 1.88306961e+02 7.30522339e+02 1.86746185e+02
    7.75535828e+02 1.85455704e+02 8.22120544e+02 1.84451401e+02
    8.67039368e+02 1.82850067e+02 9.12705811e+02 1.81832108e+02
    9.56237244e+02 1.80979202e+02 9.99109863e+02 1.80342056e+02
    6.38794373e+02 2.35815094e+02 6.86063599e+02 2.34264069e+02
    7.30774414e+02 2.32760925e+02 7.77789673e+02 2.31567444e+02
    8.22641174e+02 2.30364136e+02 8.69160950e+02 2.28822037e+02
    9.12883484e+02 2.27747269e+02 9.56334473e+02 2.26558853e+02
    9.98389160e+02 2.25318970e+02 6.41937927e+02 2.81598846e+02
    6.86295654e+02 2.80203003e+02 7.33610840e+02 2.78648987e+02
    7.78372131e+02 2.77386749e+02 8.24665588e+02 2.75964539e+02
    8.69376343e+02 2.74659790e+02 9.14262024e+02 2.73268341e+02
    9.56981384e+02 2.71632507e+02 9.99652893e+02 2.70190887e+02
    6.41911987e+02 3.27592133e+02 6.89132629e+02 3.25752106e+02
    7.33752197e+02 3.24571014e+02 7.80577087e+02 3.22855499e+02
    8.24822021e+02 3.21402466e+02 8.70801697e+02 3.19805664e+02
    9.14575439e+02 3.18719177e+02 9.58295166e+02 3.16637482e+02
    1.00019220e+03 3.14922455e+02 6.45264404e+02 3.72689545e+02
    6.88926453e+02 3.71287354e+02 7.36302246e+02 3.69311890e+02
    7.80509033e+02 3.68205566e+02 8.26614807e+02 3.66389465e+02
    8.70513367e+02 3.64857422e+02 9.15700989e+02 3.63181732e+02
    9.58645813e+02 3.61296295e+02 1.00161322e+03 3.59523224e+02
    5.27060425e+02 3.53987762e+02 5.73401245e+02 3.52156067e+02
    6.16803101e+02 3.50823395e+02 6.63914063e+02 3.48679688e+02
    7.08159546e+02 3.47376190e+02 7.55491333e+02 3.45218689e+02
    8.00135620e+02 3.43717102e+02 8.46722107e+02 3.41412476e+02
    8.91521851e+02 3.39324310e+02 5.32160522e+02 3.97806396e+02
    5.74413879e+02 3.96801636e+02 6.21061462e+02 3.94963684e+02
    6.64848999e+02 3.93719025e+02 7.11850708e+02 3.91455811e+02
    7.55985168e+02 3.89741913e+02 8.02495056e+02 3.87129974e+02
    8.47129272e+02 3.85395325e+02 8.92803284e+02 3.83434784e+02
    5.33098633e+02 4.42164307e+02 5.79079102e+02 4.40434570e+02
    6.21947083e+02 4.39511322e+02 6.68682678e+02 4.37325653e+02
    7.12499878e+02 4.35685486e+02 7.59283142e+02 4.33393494e+02
    8.02792725e+02 4.31253357e+02 8.48759583e+02 4.28278015e+02
    8.92246094e+02 4.26034119e+02 5.38256897e+02 4.84683899e+02
    5.80041809e+02 4.84195374e+02 6.26489441e+02 4.82327148e+02
    6.69851379e+02 4.80914978e+02 7.15951233e+02 4.78606506e+02
    7.59393738e+02 4.75939117e+02 8.04931763e+02 4.73236450e+02
    8.48740845e+02 4.71043762e+02 8.94172363e+02 4.69142456e+02
