<?xml version="1.0"?>
<opencv_storage>
<calibration_time>"Thu Feb 17 17:15:17 2022"</calibration_time>
<nr_of_frames>8</nr_of_frames>
<image_width>1280</image_width>
<image_height>720</image_height>
<board_width>9</board_width>
<board_height>6</board_height>
<square_size>50.</square_size>
<fix_aspect_ratio>1.</fix_aspect_ratio>
<!-- flags: +fix_aspectRatio +fix_principal_point +zero_tangent_dist +fix_k4 +fix_k5 -->
<flags>6158</flags>
<fisheye_model>0</fisheye_model>
<camera_matrix type_id="opencv-matrix">
  <rows>3</rows>
  <cols>3</cols>
  <dt>d</dt>
  <data>
    8.9176185108378991e+02 0. 6.3950000000000000e+02 0.
    8.9176185108378991e+02 3.5950000000000000e+02 0. 0. 1.</data></camera_matrix>
<distortion_coefficients type_id="opencv-matrix">
  <rows>5</rows>
  <cols>1</cols>
  <dt>d</dt>
  <data>
    1.2802939981990979e-01 -5.2654313213984738e-01 0. 0.
    5.4974982364172920e-01</data></distortion_coefficients>
<avg_reprojection_error>4.7104279083311978e-01</avg_reprojection_error>
<per_view_reprojection_errors type_id="opencv-matrix">
  <rows>8</rows>
  <cols>1</cols>
  <dt>f</dt>
  <data>
    4.73234683e-01 5.89170218e-01 5.51844478e-01 4.43180293e-01
    4.42726195e-01 3.77892077e-01 3.70224863e-01 4.76614535e-01</data></per_view_reprojection_errors>
<!-- a set of 6-tuples (rotation vector + translation vector) for each view -->
<extrinsic_parameters type_id="opencv-matrix">
  <rows>8</rows>
  <cols>6</cols>
  <dt>d</dt>
  <data>
    -7.2669685104389203e-02 5.5261560149697186e-01
    3.0714187277524267e+00 -4.5562529734053122e+01
    2.2969714399807876e+02 8.4712912071326468e+02 6.5587664850854863e-02
    3.7812530687422713e-01 3.1023151651333301e+00 4.4024622450505058e+02
    8.6225459205469974e+01 8.3381849961939133e+02
    -6.4532210748772332e-03 3.3511460948605321e-01
    3.1073994756064458e+00 2.5924514951767844e+02 4.8058647576245065e+01
    7.9448942689897694e+02 1.1111415498748896e-02 1.7953902339237141e-01
    3.1114682523102264e+00 1.0661025184608800e+02 5.3503371364254150e+01
    7.7694109424619091e+02 1.0257263306007472e-02 1.4564271366602899e-01
    3.1213634610728191e+00 -5.3712982259235076e+01
    5.4581154484553856e+01 7.6553673397556565e+02 3.2218247199243218e-02
    2.2022693489825440e-01 3.1110281446705605e+00
    -3.7187549822047799e+01 2.5299111118942128e+02
    8.5114134037786937e+02 -4.3272349683416887e-02
    2.1698891002233209e-01 3.1167339886499947e+00 2.3619644127791244e+02
    2.9002672660728217e+02 9.4065405594155322e+02 1.1172899894702196e-01
    -2.4925822851485313e-01 -3.0899728116723200e+00
    5.0203658858006605e+02 3.0444690727615432e+02 9.7054649913962044e+02</data></extrinsic_parameters>
<image_points type_id="opencv-matrix">
  <rows>8</rows>
  <cols>54</cols>
  <dt>"2f"</dt>
  <data>
    5.91698669e+02 6.03794250e+02 5.38368042e+02 6.04865662e+02
    4.84481079e+02 6.06367310e+02 4.30278931e+02 6.07636108e+02
    3.75920776e+02 6.09122681e+02 3.21231049e+02 6.10368896e+02
    2.66664429e+02 6.11236145e+02 2.12327484e+02 6.12429077e+02
    1.58229279e+02 6.13076477e+02 5.91307861e+02 5.49407532e+02
    5.38927856e+02 5.50488647e+02 4.86246948e+02 5.51408569e+02
    4.33127167e+02 5.52664246e+02 3.79787140e+02 5.53914917e+02
    3.25944000e+02 5.55339050e+02 2.72444092e+02 5.56548401e+02
    2.18900879e+02 5.57397827e+02 1.66434479e+02 5.58701355e+02
    5.90439026e+02 4.97645325e+02 5.39600525e+02 4.98525391e+02
    4.87802246e+02 4.99297760e+02 4.36049652e+02 5.00403564e+02
    3.83573914e+02 5.01490814e+02 3.30978149e+02 5.02712769e+02
    2.78352051e+02 5.04285492e+02 2.26009583e+02 5.05176788e+02
    1.74205765e+02 5.06366974e+02 5.90033081e+02 4.48453156e+02
    5.39829407e+02 4.48865967e+02 4.89631042e+02 4.49442108e+02
    4.38513214e+02 4.50438324e+02 3.87394409e+02 4.51134766e+02
    3.35722900e+02 4.52412903e+02 2.84171875e+02 4.53532867e+02
    2.32601959e+02 4.54625519e+02 1.80912903e+02 4.55207764e+02
    5.89400696e+02 4.01250275e+02 5.40411438e+02 4.01465607e+02
    4.91060791e+02 4.01848938e+02 4.41128601e+02 4.02430084e+02
    3.91157227e+02 4.03087982e+02 3.40412140e+02 4.03773132e+02
    2.89539612e+02 4.04685669e+02 2.39176788e+02 4.06259308e+02
    1.87947235e+02 4.06456940e+02 5.88729187e+02 3.55569519e+02
    5.40790894e+02 3.56499084e+02 4.92371826e+02 3.56517303e+02
    4.43580200e+02 3.56654053e+02 3.94442932e+02 3.57226349e+02
    3.44736420e+02 3.57498444e+02 2.94689117e+02 3.58244354e+02
    2.45400146e+02 3.59283234e+02 1.94780289e+02 3.59296997e+02
    1.11159473e+03 4.53192078e+02 1.05889282e+03 4.53806702e+02
    1.00565088e+03 4.54418030e+02 9.50695068e+02 4.55156097e+02
    8.96202820e+02 4.55488159e+02 8.41875488e+02 4.56425507e+02
    7.88389282e+02 4.56738525e+02 7.35509460e+02 4.57551941e+02
    6.82672241e+02 4.58430084e+02 1.10555786e+03 4.00373047e+02
    1.05333350e+03 4.00789886e+02 9.99945801e+02 4.01477173e+02
    9.46251465e+02 4.02199677e+02 8.92338318e+02 4.02944153e+02
    8.38553650e+02 4.03690338e+02 7.85584106e+02 4.04856232e+02
    7.33337891e+02 4.05643738e+02 6.81478699e+02 4.07096405e+02
    1.09914795e+03 3.48753510e+02 1.04735559e+03 3.49401154e+02
    9.94561218e+02 3.50338409e+02 9.41293884e+02 3.51180908e+02
    8.88088806e+02 3.52266205e+02 8.35271790e+02 3.53298706e+02
    7.82883911e+02 3.54663116e+02 7.31410461e+02 3.56049347e+02
    6.79938599e+02 3.57309875e+02 1.09264868e+03 2.98700378e+02
    1.04108545e+03 2.99276001e+02 9.88827209e+02 3.00535614e+02
    9.36395386e+02 3.01330475e+02 8.83819397e+02 3.02781982e+02
    8.31868835e+02 3.04247101e+02 7.80055420e+02 3.06079834e+02
    7.29380859e+02 3.06835876e+02 6.78672546e+02 3.08385132e+02
    1.08579919e+03 2.49747879e+02 1.03484290e+03 2.50875412e+02
    9.83511902e+02 2.51572540e+02 9.31544128e+02 2.53077164e+02
    8.79897217e+02 2.54506561e+02 8.28320923e+02 2.56538361e+02
    7.77697449e+02 2.58184082e+02 7.27483398e+02 2.59176910e+02
    6.77651001e+02 2.60544159e+02 1.07971887e+03 2.01998825e+02
    1.02854565e+03 2.03515869e+02 9.78074463e+02 2.04640991e+02
    9.27282410e+02 2.05637939e+02 8.76139465e+02 2.07670807e+02
    8.25232483e+02 2.09651550e+02 7.75406555e+02 2.11418060e+02
    7.25879700e+02 2.12408081e+02 6.76379150e+02 2.13764084e+02
    9.32267578e+02 4.15147461e+02 8.76248352e+02 4.15471954e+02
    8.19738831e+02 4.15556152e+02 7.62536682e+02 4.16553009e+02
    7.06349792e+02 4.16909241e+02 6.49923523e+02 4.17948242e+02
    5.93812500e+02 4.18632355e+02 5.37572327e+02 4.19371643e+02
    4.81331238e+02 4.20472382e+02 9.28010803e+02 3.59694550e+02
    8.72361511e+02 3.59772949e+02 8.16273499e+02 3.60412659e+02
    7.60273987e+02 3.60709076e+02 7.04528137e+02 3.61574860e+02
    6.48845642e+02 3.62585815e+02 5.93337280e+02 3.63346130e+02
    5.37815002e+02 3.64341492e+02 4.82431244e+02 3.65436127e+02
    9.23647705e+02 3.05512238e+02 8.68354736e+02 3.06026215e+02
    8.12951599e+02 3.06465607e+02 7.57599243e+02 3.07296204e+02
    7.02766418e+02 3.08180450e+02 6.47629028e+02 3.08985535e+02
    5.93020447e+02 3.10312988e+02 5.38229187e+02 3.11099274e+02
    4.83501526e+02 3.12311462e+02 9.19206787e+02 2.52840149e+02
    8.64575623e+02 2.53263077e+02 8.09602478e+02 2.54245377e+02
    7.55184998e+02 2.54771179e+02 7.00658569e+02 2.55666245e+02
    6.46465149e+02 2.56677460e+02 5.92403687e+02 2.58251526e+02
    5.38344055e+02 2.58548737e+02 4.84213287e+02 2.59408478e+02
    9.14695984e+02 2.01311218e+02 8.60577515e+02 2.02232666e+02
    8.06767090e+02 2.02769592e+02 7.52507019e+02 2.03699951e+02
    6.99102783e+02 2.04704651e+02 6.45441895e+02 2.06047226e+02
    5.92123962e+02 2.07254944e+02 5.38378662e+02 2.07326126e+02
    4.84716400e+02 2.08105499e+02 9.10569824e+02 1.51097000e+02
    8.56992371e+02 1.52420959e+02 8.03522156e+02 1.53202560e+02
    7.50499390e+02 1.53650116e+02 6.97400269e+02 1.55103546e+02
    6.44261658e+02 1.56489685e+02 5.91515869e+02 1.57246811e+02
    5.38478088e+02 1.57163284e+02 4.85329895e+02 1.57427185e+02
