<?xml version="1.0"?>
<opencv_storage>
<calibration_time>"Fri Feb 18 15:18:35 2022"</calibration_time>
<nr_of_frames>40</nr_of_frames>
<image_width>1280</image_width>
<image_height>720</image_height>
<board_width>9</board_width>
<board_height>6</board_height>
<square_size>2.1500000000000000e+01</square_size>
<fix_aspect_ratio>1.</fix_aspect_ratio>
<!-- flags: +fix_aspectRatio +fix_principal_point +zero_tangent_dist +fix_k4 +fix_k5 -->
<flags>6158</flags>
<fisheye_model>0</fisheye_model>
<camera_matrix type_id="opencv-matrix">
  <rows>3</rows>
  <cols>3</cols>
  <dt>d</dt>
  <data>
    8.8983439171701946e+02 0. 6.3950000000000000e+02 0.
    8.8983439171701946e+02 3.5950000000000000e+02 0. 0. 1.</data></camera_matrix>
<distortion_coefficients type_id="opencv-matrix">
  <rows>5</rows>
  <cols>1</cols>
  <dt>d</dt>
  <data>
    6.3288212759677914e-02 -2.7058077020071014e-01 0. 0.
    1.9566035104360410e-01</data></distortion_coefficients>
<avg_reprojection_error>7.2582815749688423e-01</avg_reprojection_error>
<per_view_reprojection_errors type_id="opencv-matrix">
  <rows>40</rows>
  <cols>1</cols>
  <dt>f</dt>
  <data>
    4.00228024e-01 7.04204142e-01 5.84914088e-01 6.62517071e-01
    5.66442966e-01 5.35213768e-01 7.76626885e-01 1.08634448e+00
    8.69728148e-01 1.03270972e+00 5.67143023e-01 8.77887070e-01
    9.77899671e-01 6.50207758e-01 6.49439991e-01 8.02708268e-01
    3.95764619e-01 5.17603397e-01 9.05357897e-01 9.95484114e-01
    5.10203660e-01 5.89202762e-01 7.25453913e-01 9.02996004e-01
    7.85532236e-01 5.90623438e-01 6.76362991e-01 2.56967336e-01
    5.24056673e-01 4.61255938e-01 4.35839653e-01 4.18161511e-01
    9.76006687e-01 7.21150458e-01 1.20728815e+00 6.69950366e-01
    9.04243410e-01 4.89043951e-01 6.19968414e-01 7.33978868e-01</data></per_view_reprojection_errors>
<!-- a set of 6-tuples (rotation vector + translation vector) for each view -->
<extrinsic_parameters type_id="opencv-matrix">
  <rows>40</rows>
  <cols>6</cols>
  <dt>d</dt>
  <data>
    -2.4504670198594353e-01 -9.9295285307453796e-02
    -4.3913690516582574e-02 -2.3223491354661198e+02
    -2.3020341100894612e+01 4.6582180006959084e+02
    -3.4122217602456667e-01 -1.1410862893421497e-01
    4.8052805576680555e-02 -3.0365447759577616e+01
    -1.1962323474815184e+02 4.9395527418139517e+02
    -2.9561984179074924e-01 -8.4215503067945965e-02
    -7.3490958708336010e-02 -2.5488195441640644e+02
    -1.1094493396879383e+02 4.7631380546378085e+02
    -4.2515043564161653e-01 -3.3030159235203270e-02
    -3.7043429451321845e-03 -1.9746186678083728e+01
    -1.2847023771849189e+01 5.0388648823690613e+02
    -3.6533420883518364e-01 3.8199413486643630e-02
    -3.2403797017832074e-02 -7.5846751471067151e+01
    -7.6028014627917202e+01 4.6895461070555530e+02
    -3.8173134447474388e-01 6.7810982642673590e-03
    1.8599719380314315e-02 -1.5540508492639981e+02
    -1.1749984458809350e+02 4.9053299657164519e+02
    -4.0934942778516137e-01 -1.0551531691333491e-01
    4.0084696833053060e-02 8.1702927780925634e+01
    -1.3243991498960662e+02 4.6678639817322414e+02
    -6.8418662466302382e-01 1.4452945233057202e-01
    4.1702862215420626e-02 6.7672815697275013e+01 2.8174749162616031e+01
    5.7800874997672736e+02 -3.1578960894788088e-01
    -5.9308838571880174e-01 1.0188947381801218e-02
    -1.4890122699618416e+02 -6.3904005110867082e+01
    3.8153039702420023e+02 -2.7018024243075534e-01
    -8.8850927672927260e-01 8.9288509467812291e-02
    -1.0837976537416820e+02 -7.1982394367152068e+01
    3.5261832099710603e+02 -2.9320405671430094e-01
    -4.5660764371043300e-01 -7.1058981193671877e-02
    -1.8500671275251011e+02 -5.3004425929391672e+01
    3.9032296371433131e+02 -2.5386770415319693e-01
    5.4493899825637837e-01 -3.6359428205193674e-02
    -9.0854847938757899e+01 -3.2412512594415112e+01
    5.3746517135135923e+02 -2.3490573989707511e-01
    7.8254587902274764e-01 -5.2548913024009485e-02
    -9.5134878258055878e+01 -3.7650177429631349e+01
    5.7627204322766784e+02 -3.2299324612742247e-01
    1.6638695415720786e-01 2.5433417996571433e-02
    -8.8407402795448505e+01 -6.0577869931047715e+01
    4.8703133542371808e+02 -2.8341760484964357e-01
    -8.0741812968808960e-02 -5.5170035156495455e-02
    -1.0870148247385183e+02 -3.9465622701764353e+01
    4.2322803802282368e+02 -4.7337160560294622e-01
    4.2665582592856986e-02 -1.4041212465238278e-02
    -1.0700763588299314e+02 -5.4992087585594923e+01
    4.8928234737153639e+02 4.4544899937374420e-02 6.6229992248415193e-02
    4.3028815478889648e-02 -9.8592514068798167e+01
    -6.6219500653412979e+01 4.4473875702263382e+02
    2.5926314112747123e-01 -3.0677884805887658e-02
    -1.5653734526129844e-02 -1.1362230891419077e+02
    -6.2059914776135656e+01 4.2155623719305953e+02
    4.1636965193650022e-01 3.3261523907120304e-02
    -3.8047152298297096e-02 2.4134134060785428e+01
    -9.0490342428011800e+01 4.1367612498472596e+02
    5.7542324459577654e-01 -4.6142788240756604e-03
    -4.1861873554130624e-02 2.4823532664392513e+01
    -7.7690010984406484e+01 3.8254306423271271e+02
    -1.6630712821158966e-01 7.9733493630481225e-02
    1.4922615689609089e-02 3.4131383790280026e+01
    -9.7873259740797479e+01 4.8417273820868274e+02
    -1.7703162885459192e-01 1.4571305061919168e-01
    3.1777442175507389e-02 4.0744809112857624e+01
    -5.9972195416672580e+00 4.8878633287893064e+02
    -7.3712022739181604e-01 1.3060030596430153e-01
    -1.0758907593588562e-02 4.7858722433962086e+01
    -2.3440025101892708e+01 5.9372296088759583e+02
    -7.0289474239084004e-01 1.5336290971083968e-01
    -2.7868367264436852e-03 2.8719497248304055e+01
    -8.1840124719416366e+01 4.8514993852120949e+02
    -4.2140349480359579e-01 1.5777093171282996e-01
    1.8618486241050995e-02 2.4071882745310702e+01
    -7.2129001956485638e+01 4.5147280446026207e+02
    -1.7057176988811223e-01 1.0765146673807818e-01
    2.4499579424456432e-02 -9.7592792521162210e+01
    -1.2512379234848979e+02 4.2402828367304875e+02
    -1.5500599585801877e-01 7.0648678610220284e-02
    -1.1616827177918058e-02 -1.9548337914509486e+02
    -1.1728368213711822e+02 4.0421611905907884e+02
    5.3860525727819734e-02 1.7001746289947633e-02
    -6.3961680475873983e-03 -1.7732199805094379e+02
    -6.3044522867569150e+01 4.1385306482155119e+02
    -1.4765006473846695e-01 -4.2824627342050275e-01
    -1.5204831389356742e-03 -1.5482233257235202e+02
    -7.3865733482784862e+01 3.4153123853734400e+02
    -7.8831420380535172e-02 4.2428709325000807e-01
    -3.2310866855978775e-02 -1.3227480955108945e+02
    -7.3185404008517153e+01 4.9755756758033738e+02
    -5.5563522324576442e-01 -7.8371889053199612e-02
    -1.1530753096549190e-02 -1.3150317873486480e+02
    -1.0213996722537959e+02 4.7721370654102310e+02
    -2.0458197151586058e-01 -5.4579751864129541e-02
    1.2251037195148740e-02 -6.0184869917349403e+01
    -2.9865024378969252e+01 4.4467590153981502e+02
    -1.7814531738185807e-01 -7.3850566865257122e-02
    -9.4611477728532723e-03 -9.2248231939048665e+01
    -8.9593047803783207e+01 3.6935786573787470e+02
    -1.7918897551865653e-01 8.9107641259210540e-05
    -3.2274567791639133e-02 -1.5576328387667542e+02
    -9.2310955612101992e+01 3.7810175528522689e+02
    -2.2465343527411474e-01 -1.0313497156842331e-01
    6.9896031023718649e-03 2.2590255645269202e+01
    -9.2681945462721828e+01 3.8199824682850834e+02
    -1.5656027505462353e-01 1.7088895647607408e-02
    -2.1885040112520010e-03 -9.3451277780318151e+01
    -2.6103118708337060e+01 4.1808391512063764e+02
    -2.2566358419022436e-01 -4.8615844967019546e-02
    -1.0133331926107532e-02 9.4123805845507977e+00
    -1.6416726671601637e+01 3.9767335337446002e+02
    -3.7158082894166711e-01 1.7744981035448019e-02
    -4.1704705310742912e-02 -9.3292253236776389e+01
    -9.2491528779863970e+01 4.7341379694004416e+02
    -3.5815837834586126e-02 -1.6861338181808357e-02
    6.5073522106809927e-03 -9.3208088777442455e+01
    -5.6783362570612603e+01 3.1220455176254808e+02
