<?xml version="1.0"?>
<opencv_storage>
<calibration_time>"Sat Feb 19 19:14:50 2022"</calibration_time>
<nr_of_frames>19</nr_of_frames>
<image_width>1280</image_width>
<image_height>720</image_height>
<board_width>9</board_width>
<board_height>6</board_height>
<square_size>2.1500000000000000e+01</square_size>
<!-- flags: +zero_tangent_dist +fix_k4 +fix_k5 -->
<flags>6152</flags>
<fisheye_model>0</fisheye_model>
<camera_matrix type_id="opencv-matrix">
  <rows>3</rows>
  <cols>3</cols>
  <dt>d</dt>
  <data>
    1.4344073082550988e+03 0. 6.7431724699417953e+02 0.
    1.4336181526438290e+03 3.8303004588759535e+02 0. 0. 1.</data></camera_matrix>
<distortion_coefficients type_id="opencv-matrix">
  <rows>5</rows>
  <cols>1</cols>
  <dt>d</dt>
  <data>
    -2.3976414243535590e-01 1.2870853451593858e+00 0. 0.
    -4.7460065311347854e+00</data></distortion_coefficients>
<avg_reprojection_error>8.3964077581954144e-01</avg_reprojection_error>
<per_view_reprojection_errors type_id="opencv-matrix">
  <rows>19</rows>
  <cols>1</cols>
  <dt>f</dt>
  <data>
    5.84565520e-01 6.16759717e-01 8.56381297e-01 1.05911434e+00
    9.55173373e-01 9.38403845e-01 8.83690894e-01 1.04829979e+00
    7.85857618e-01 7.04056203e-01 8.82268786e-01 6.16350114e-01
    8.53021264e-01 8.94233644e-01 9.27551389e-01 9.98511016e-01
    6.71088398e-01 5.28133154e-01 8.71436954e-01</data></per_view_reprojection_errors>
<!-- a set of 6-tuples (rotation vector + translation vector) for each view -->
<extrinsic_parameters type_id="opencv-matrix">
  <rows>19</rows>
  <cols>6</cols>
  <dt>d</dt>
  <data>
    -6.4159626577279985e-02 2.3029271200887508e-03
    -9.6171347253058925e-02 -1.0407523116452903e+02
    -4.6261285532844141e+01 4.9400808897162989e+02
    -1.0795813602134936e-01 -1.3167321079899322e-01
    -6.8211693592867897e-02 -1.4266829809285366e+02
    -5.1019094302966906e+01 4.1591666382027591e+02
    -2.0373752474690868e-02 -1.1644344148459804e-01
    -5.8256510807512048e-02 -2.6126153847557212e+01
    -4.7834920844743593e+01 4.4988685390915509e+02
    -9.1956563863576102e-01 -1.8759144571170119e-01
    3.7392860397777741e-02 3.1432904676186006e+01
    -7.1291264201270607e+01 6.8044295046725267e+02
    -6.5559357933902496e-01 1.6979631875497891e-01
    3.4905383261014548e-02 2.2265220850924592e+01
    -9.1889213048205661e+01 6.8803189772041310e+02
    -5.1401924653179654e-01 2.2871092846067065e-01
    2.4386895649666160e-03 -5.7664779632471237e+01
    -1.3675014510481751e+02 6.8100367883836839e+02
    -2.4934589710072202e-01 4.0293613729529748e-01
    -6.6782735575406007e-03 -1.5745466256421534e+02
    -7.4646755610744222e+01 7.4190530299023123e+02
    -2.9555058939282453e-01 3.8916799042889505e-01
    -1.1730415576739361e-01 -2.2140489104862578e+01
    -5.7500384854506898e+01 5.2721908491618888e+02
    -9.2662981638927222e-02 -3.1737774912824257e-01
    -7.0970399102083651e-02 -1.6713111073121416e+02
    -5.4736517305967290e+01 4.3593426956442812e+02
    -7.4825475750464304e-02 2.2347103815925423e-01
    -1.1251012591826540e-01 -8.2251158903510998e+01
    -4.9572095526498430e+01 5.0102496691555729e+02
    -1.0393510814972298e-01 2.5162320105187530e-01
    -3.0037708994671029e-02 -1.0530747499557337e+02
    -5.5468369176454011e+01 5.6643507968411143e+02
    2.1295893260417026e-01 1.2233777341816138e-01
    -2.1990581925063449e-01 -5.0449119800150740e+01
    -3.8321632607616522e+01 6.8152005621184844e+02
    3.0480244796818762e-01 -1.3005327397832498e-02
    -2.8839303499601043e-01 3.7522359011151295e+01
    -3.1998356443973325e+01 6.9046146253735947e+02
    -4.5708009095535899e-02 -4.5019973647669104e-01
    -3.9845431834535185e-02 -1.7353328519532420e+02
    -4.2435462426316647e+01 5.5462783899062151e+02
    3.9672477827917474e-01 -3.8324553301604969e-01
    -5.1052907544886540e-02 -2.1397340411522910e+02
    -8.8355145774441112e+01 5.7391396671894654e+02
    -4.9330528414566877e-01 -4.1109726559248816e-01
    1.2031068066132426e-01 -2.3469417318142519e+01
    -4.0898226314460366e+01 6.4422841865618102e+02
    -2.3735882799917951e-01 3.0834973980202196e-01
    8.0552714483441035e-02 -4.3501185038203438e+01
    -4.6127501788193555e+01 7.5446626944367347e+02
    -2.9082470428296514e-01 -1.1944952523380580e-02
    5.9159726695508494e-02 1.0693362867029723e+01
    -9.2976200145123386e+01 7.5095597703789758e+02
    -2.6750543176127972e-01 -4.4708414229259807e-01
    1.3093147857904283e-01 4.8943812941290091e+01
    -1.1521263460801970e+02 7.7065635534107139e+02</data></extrinsic_parameters>
