<?xml version="1.0"?>
<opencv_storage>
<CornersAmount>48</CornersAmount>
<Corner_0>
  398 410</Corner_0>
<Corner_1>
  396 398</Corner_1>
<Corner_2>
  396 387</Corner_2>
<Corner_3>
  395 378</Corner_3>
<Corner_4>
  394 368</Corner_4>
<Corner_5>
  393 359</Corner_5>
<Corner_6>
  393 351</Corner_6>
<Corner_7>
  392 342</Corner_7>
<Corner_8>
  417 409</Corner_8>
<Corner_9>
  415 399</Corner_9>
<Corner_10>
  413 387</Corner_10>
<Corner_11>
  412 377</Corner_11>
<Corner_12>
  410 368</Corner_12>
<Corner_13>
  410 358</Corner_13>
<Corner_14>
  409 350</Corner_14>
<Corner_15>
  408 342</Corner_15>
<Corner_16>
  435 410</Corner_16>
<Corner_17>
  433 397</Corner_17>
<Corner_18>
  432 387</Corner_18>
<Corner_19>
  429 378</Corner_19>
<Corner_20>
  428 367</Corner_20>
<Corner_21>
  426 360</Corner_21>
<Corner_22>
  423 348</Corner_22>
<Corner_23>
  422 342</Corner_23>
<Corner_24>
  452 409</Corner_24>
<Corner_25>
  450 397</Corner_25>
<Corner_26>
  447 387</Corner_26>
<Corner_27>
  445 376</Corner_27>
<Corner_28>
  442 367</Corner_28>
<Corner_29>
  440 358</Corner_29>
<Corner_30>
  438 349</Corner_30>
<Corner_31>
  436 341</Corner_31>
<Corner_32>
  471 408</Corner_32>
<Corner_33>
  467 396</Corner_33>
<Corner_34>
  464 386</Corner_34>
<Corner_35>
  462 377</Corner_35>
<Corner_36>
  459 367</Corner_36>
<Corner_37>
  457 358</Corner_37>
<Corner_38>
  454 350</Corner_38>
<Corner_39>
  451 342</Corner_39>
<Corner_40>
  488 407</Corner_40>
<Corner_41>
  484 396</Corner_41>
<Corner_42>
  481 386</Corner_42>
<Corner_43>
  478 375</Corner_43>
<Corner_44>
  474 366</Corner_44>
<Corner_45>
  471 358</Corner_45>
<Corner_46>
  470 350</Corner_46>
<Corner_47>
  466 342</Corner_47>
</opencv_storage>
