<?xml version="1.0"?>
<opencv_storage>
<CornersAmount>48</CornersAmount>
<Corner_0>
  389 341</Corner_0>
<Corner_1>
  376 338</Corner_1>
<Corner_2>
  365 335</Corner_2>
<Corner_3>
  354 331</Corner_3>
<Corner_4>
  344 328</Corner_4>
<Corner_5>
  334 324</Corner_5>
<Corner_6>
  324 321</Corner_6>
<Corner_7>
  315 318</Corner_7>
<Corner_8>
  397 337</Corner_8>
<Corner_9>
  386 334</Corner_9>
<Corner_10>
  375 331</Corner_10>
<Corner_11>
  362 326</Corner_11>
<Corner_12>
  353 325</Corner_12>
<Corner_13>
  342 321</Corner_13>
<Corner_14>
  333 318</Corner_14>
<Corner_15>
  324 315</Corner_15>
<Corner_16>
  406 333</Corner_16>
<Corner_17>
  396 331</Corner_17>
<Corner_18>
  384 326</Corner_18>
<Corner_19>
  373 324</Corner_19>
<Corner_20>
  362 321</Corner_20>
<Corner_21>
  352 317</Corner_21>
<Corner_22>
  341 314</Corner_22>
<Corner_23>
  333 312</Corner_23>
<Corner_24>
  414 329</Corner_24>
<Corner_25>
  404 326</Corner_25>
<Corner_26>
  392 323</Corner_26>
<Corner_27>
  381 319</Corner_27>
<Corner_28>
  371 317</Corner_28>
<Corner_29>
  360 314</Corner_29>
<Corner_30>
  351 311</Corner_30>
<Corner_31>
  342 308</Corner_31>
<Corner_32>
  422 325</Corner_32>
<Corner_33>
  411 322</Corner_33>
<Corner_34>
  401 319</Corner_34>
<Corner_35>
  390 317</Corner_35>
<Corner_36>
  380 314</Corner_36>
<Corner_37>
  368 310</Corner_37>
<Corner_38>
  358 308</Corner_38>
<Corner_39>
  351 305</Corner_39>
<Corner_40>
  428 322</Corner_40>
<Corner_41>
  419 319</Corner_41>
<Corner_42>
  410 316</Corner_42>
<Corner_43>
  397 313</Corner_43>
<Corner_44>
  388 311</Corner_44>
<Corner_45>
  377 309</Corner_45>
<Corner_46>
  368 305</Corner_46>
<Corner_47>
  357 303</Corner_47>
</opencv_storage>
