<?xml version="1.0"?>
<opencv_storage>
<cameraMatrix type_id="opencv-matrix">
  <rows>3</rows>
  <cols>3</cols>
  <dt>d</dt>
  <data>
    5.0846794370223228e+02 0. 3.2202564471832187e+02 0.
    5.0757235786350697e+02 2.3420482737651332e+02 0. 0. 1.</data></cameraMatrix>
<distCoeffs type_id="opencv-matrix">
  <rows>5</rows>
  <cols>1</cols>
  <dt>d</dt>
  <data>
    -4.3953904120616299e-01 3.7104038765428221e-01 0. 0.
    -2.4902089160052138e-01</data></distCoeffs>
</opencv_storage>
