<?xml version="1.0"?>
<opencv_storage>
<cameraMatrix type_id="opencv-matrix">
  <rows>3</rows>
  <cols>3</cols>
  <dt>d</dt>
  <data>
    4.8971537911662665e+02 0. 3.3480568549862761e+02 0.
    4.9176777912089040e+02 2.2269225439618597e+02 0. 0. 1.</data></cameraMatrix>
<distCoeffs type_id="opencv-matrix">
  <rows>5</rows>
  <cols>1</cols>
  <dt>d</dt>
  <data>
    -3.6584790180996823e-01 1.9389194088343270e-01 0. 0.
    -6.3651853106669209e-02</data></distCoeffs>
</opencv_storage>
