<?xml version="1.0"?>
<opencv_storage>
<cameraMatrix type_id="opencv-matrix">
  <rows>3</rows>
  <cols>3</cols>
  <dt>d</dt>
  <data>
    4.8935220249899885e+02 0. 3.3438708739862756e+02 0.
    4.9144120854097076e+02 2.2404037364250289e+02 0. 0. 1.</data></cameraMatrix>
<distCoeffs type_id="opencv-matrix">
  <rows>5</rows>
  <cols>1</cols>
  <dt>d</dt>
  <data>
    -3.6804800980185415e-01 1.9819067912411539e-01 0. 0.
    -6.6412741003400860e-02</data></distCoeffs>
</opencv_storage>
