<?xml version="1.0"?>
<opencv_storage>
<cameraMatrix type_id="opencv-matrix">
  <rows>3</rows>
  <cols>3</cols>
  <dt>d</dt>
  <data>
    4.9006434152847538e+02 0. 3.3618513326574771e+02 0.
    4.9207835905520477e+02 2.2378990645027986e+02 0. 0. 1.</data></cameraMatrix>
<distCoeffs type_id="opencv-matrix">
  <rows>5</rows>
  <cols>1</cols>
  <dt>d</dt>
  <data>
    -3.6770678067319584e-01 1.9965440334002238e-01 0. 0.
    -6.7155227443553067e-02</data></distCoeffs>
</opencv_storage>
